9 0 5 0 1 0 3 0 1
15 0 5 0 0 0 9 0 1
12 1 4 0 1 0 5 1 2
12 1 4 0 1 0 5 1 2
13 0 5 1 0 0 7 0 1
12 0 5 0 1 0 6 1 1
14 0 5 0 0 0 8 1 1
12 0 6 0 1 0 5 1 1
10 0 3 0 1 0 6 1 1
11 0 4 0 1 0 6 0 1
21 0 10 0 1 0 10 0 1
16 1 5 0 1 0 8 1 2
17 1 4 0 1 0 10 0 2
17 1 5 0 1 0 9 0 2
17 0 7 0 0 0 9 0 1
14 0 4 0 1 0 9 1 1
9 0 4 1 0 0 4 0 1
13 0 4 0 1 0 8 0 1
14 0 5 0 0 1 7 1 1
11 0 4 0 1 0 6 0 1
12 0 4 0 1 0 7 1 1
15 0 6 0 1 0 8 0 1
9 0 3 0 1 0 5 0 1
15 0 5 0 1 0 9 0 1
10 0 3 1 0 0 6 1 1
13 0 4 1 0 0 8 0 1
12 0 4 0 1 0 7 1 1
16 1 5 0 1 0 8 1 2
13 0 4 0 1 0 8 0 1
12 0 4 0 0 0 7 1 1
13 0 5 1 0 0 7 0 1
12 0 3 0 1 0 8 1 1
10 0 2 0 1 0 7 1 1
13 0 6 0 0 0 6 0 1
18 1 7 0 1 0 8 1 2
9 0 3 0 1 0 5 0 1
13 0 4 0 1 0 8 0 1
19 0 8 0 1 1 9 0 1
11 0 3 0 0 0 7 0 1
13 0 4 0 1 0 8 0 1
15 0 4 0 1 1 9 0 1
13 0 4 0 0 0 8 0 1
13 1 3 0 1 0 7 0 2
14 1 5 0 0 0 6 1 2
14 0 5 0 1 0 8 1 1
13 0 5 0 1 0 7 0 1
10 0 3 0 1 0 6 1 1
19 0 6 0 0 0 11 0 2
18 0 8 1 0 0 9 1 1
14 1 3 0 1 0 8 1 2
15 1 4 0 1 0 8 0 2
14 0 4 0 1 0 9 1 1
12 0 3 0 0 0 8 1 1
16 0 5 0 0 0 10 1 1
17 1 5 0 0 0 9 0 2
18 0 7 0 1 0 8 1 3
14 0 6 1 0 0 6 1 2
16 1 5 0 0 0 8 1 2
16 1 4 0 1 0 9 1 2
8 0 2 0 1 0 5 1 1
20 1 6 0 0 0 11 1 2
18 1 7 0 1 0 8 1 2
17 1 6 0 1 0 8 0 2
14 0 4 0 1 0 9 1 1
14 0 3 0 0 0 10 1 1
10 0 3 0 1 0 6 1 1
13 0 4 0 0 0 8 0 1
12 0 7 0 1 0 4 1 1
16 1 5 0 1 0 8 1 2
9 0 3 0 1 0 5 0 1
19 0 8 0 0 0 10 0 1
11 0 3 0 1 0 7 0 1
12 0 5 1 0 0 6 1 1
15 0 7 1 1 0 7 0 1
16 0 6 0 1 0 9 1 1
12 0 4 0 1 0 7 1 1
12 0 3 0 1 0 8 1 1
12 0 4 0 1 0 7 1 1
13 0 3 0 1 0 9 0 1
13 0 4 0 1 0 8 0 1
11 0 6 1 0 0 4 0 1
16 1 4 0 1 0 9 1 2
11 0 4 0 1 0 6 0 1
18 0 5 0 1 0 12 1 1
16 1 3 0 1 0 10 1 2
21 0 9 0 1 0 10 0 2
15 0 5 0 1 0 9 0 1
14 0 5 0 1 0 8 1 1
19 1 7 0 1 0 9 0 2
11 0 4 0 1 0 6 0 1
13 0 4 0 1 0 8 0 1
16 0 8 1 0 0 7 1 1
10 0 4 0 1 0 5 1 1
16 1 4 0 1 0 9 1 2
13 0 3 0 1 0 9 0 1
12 0 5 0 1 0 6 1 1
15 0 5 0 1 0 9 0 1
15 0 4 0 1 0 10 0 1
12 0 5 0 1 0 6 1 1
17 1 7 0 1 0 7 0 2
15 0 5 0 1 0 9 0 1
15 0 5 0 1 0 9 0 1
12 0 3 0 1 0 8 1 1
13 0 5 0 1 0 7 0 1
11 0 3 0 1 0 7 0 1
18 2 4 1 1 0 9 1 3
14 0 5 0 1 0 8 1 1
14 0 5 0 1 0 8 1 1
16 0 6 0 1 0 9 1 1
14 0 4 0 1 0 9 1 1
15 0 5 0 1 0 9 0 1
10 0 2 0 1 0 7 1 1
16 0 5 0 1 0 10 1 1
15 1 4 0 1 0 8 0 2
12 0 4 0 1 0 7 1 1
12 0 3 0 0 1 7 1 1
13 0 6 0 1 0 6 0 1
14 0 7 0 1 0 6 1 1
12 0 4 0 0 0 7 1 1
15 0 5 0 1 0 9 0 1
12 0 3 0 1 0 8 1 1
11 0 4 0 1 0 6 0 1
14 0 4 0 1 0 9 1 1
15 1 4 0 0 0 8 0 2
18 0 7 0 1 0 10 1 1
14 1 4 0 1 0 7 1 2
14 0 4 0 1 0 9 1 1
17 1 6 0 1 0 8 0 2
21 0 7 0 1 0 12 0 2
20 0 8 0 1 0 11 1 1
18 1 6 0 0 0 9 1 2
19 0 8 0 0 0 10 0 1
14 0 5 0 1 0 8 1 1
10 0 4 0 1 0 5 1 1
12 0 4 0 1 0 7 1 1
16 1 4 0 1 0 9 1 2
14 0 5 0 1 1 7 1 1
11 0 4 1 0 0 6 0 1
13 0 4 0 0 0 8 0 1
13 0 5 1 0 0 7 0 1
14 0 4 0 0 0 9 1 1
10 0 4 0 1 0 5 1 1
13 0 5 0 1 0 7 0 1
12 0 4 0 1 0 7 1 1
17 0 6 0 1 0 10 0 1
14 0 5 0 1 0 8 1 1
13 0 4 0 0 0 8 0 1
15 0 4 0 1 0 10 0 1
13 0 4 0 1 0 8 0 1
16 0 6 1 0 0 9 1 1
12 0 3 0 0 0 8 1 1
7 0 3 0 1 0 3 0 1
8 0 2 0 1 0 5 1 1
13 0 4 0 0 0 8 0 1
11 0 3 0 1 0 7 0 1
13 0 5 0 1 0 6 0 2
11 0 5 0 1 0 4 0 2
12 0 4 0 1 0 7 1 1
11 0 3 0 1 1 6 0 1
15 1 3 0 0 0 9 0 2
15 0 5 0 1 0 9 0 1
17 0 6 0 1 0 10 0 1
9 0 2 0 0 0 6 0 1
14 0 4 0 1 0 9 1 1
18 1 6 0 0 0 9 1 2
11 0 3 0 1 0 7 0 1
17 0 6 0 0 0 10 0 1
18 1 5 0 0 0 10 1 2
14 0 5 0 1 0 8 1 1
14 0 5 0 1 0 8 1 1
16 0 5 0 0 0 10 1 1
10 0 4 1 0 0 5 1 1
12 0 5 0 1 0 6 1 1
13 0 5 0 1 0 7 0 1
20 0 8 0 1 0 11 1 1
11 0 3 0 0 0 7 0 1
12 0 4 1 0 0 7 1 1
18 1 4 0 0 0 11 1 2
17 1 3 0 0 0 11 0 2
20 1 6 1 0 0 11 1 2
18 1 6 0 1 0 9 1 2
13 0 4 0 0 0 8 0 1
11 0 4 0 1 0 6 0 1
15 1 3 0 1 0 9 0 2
14 0 5 0 1 0 8 1 1
16 0 5 0 1 0 10 1 1
15 1 5 1 0 0 7 0 2
13 0 5 0 1 0 7 0 1
14 0 6 0 1 0 7 1 1
17 0 5 0 0 0 11 0 1
17 1 3 0 1 0 11 0 2
18 1 5 0 0 0 10 1 2
12 0 5 0 1 0 6 1 1
20 0 6 0 0 1 12 1 1
12 1 2 1 0 0 7 1 2
16 0 7 0 1 0 8 1 1
16 1 4 0 0 0 9 1 2
17 0 6 0 1 0 10 0 1
12 0 4 0 1 0 7 1 1
12 0 4 0 1 1 6 1 1
16 0 8 1 0 0 7 1 1
14 1 4 0 1 0 7 1 2
14 0 5 0 1 0 8 1 1
20 1 7 0 1 0 10 1 2
11 0 4 1 0 0 6 0 1
9 0 2 0 1 0 6 0 1
16 0 7 0 1 0 8 1 1
12 0 6 1 1 0 5 1 1
19 0 5 0 1 0 13 0 1
12 0 5 0 1 0 6 1 1
25 0 8 0 0 0 16 0 1
13 0 6 0 1 0 6 0 1
12 0 4 0 1 0 7 1 1
15 1 4 0 1 0 8 0 2
16 0 6 1 0 0 9 1 1
17 1 4 0 1 0 10 0 2
13 2 3 0 0 0 6 0 2
12 0 3 0 1 0 8 1 1
14 0 5 0 1 0 8 1 1
13 1 4 0 0 0 6 0 2
19 0 6 0 0 0 12 0 1
12 0 4 0 1 0 7 1 1
15 0 5 0 1 0 9 0 1
18 1 6 0 1 0 9 1 2
11 0 4 0 1 0 6 0 1
16 1 4 0 1 0 9 1 2
11 0 3 0 1 0 7 0 1
8 0 3 0 1 0 4 1 1
14 1 4 0 1 0 7 1 2
15 0 6 0 1 0 8 0 1
12 1 3 0 1 0 6 1 2
8 0 2 0 1 0 5 1 1
14 1 4 0 1 0 7 1 2
16 0 5 0 1 0 10 1 1
14 0 4 0 0 0 9 1 1
14 0 6 0 1 0 7 1 1
15 0 7 0 1 0 7 0 1
13 0 5 0 1 0 7 0 1
18 0 6 0 1 0 11 1 1
15 0 4 0 0 0 10 0 1
13 0 5 0 0 0 7 0 1
15 0 4 0 1 0 10 0 1
15 0 5 0 1 0 9 0 1
16 0 4 0 1 0 11 1 1
13 0 5 0 1 0 7 0 1
14 1 3 0 1 0 8 1 2
15 0 6 0 1 0 8 0 1
11 0 4 1 0 0 6 0 1
12 0 4 0 1 0 7 1 1
16 1 5 0 1 0 8 1 2
17 0 5 0 0 0 11 0 1
12 0 4 0 1 0 7 1 1
10 0 3 0 1 0 6 1 1
18 0 5 0 1 0 11 1 2
16 0 5 0 1 0 10 1 1
15 1 4 0 1 0 8 0 2
13 0 4 0 1 0 8 0 1
12 0 4 0 1 0 7 1 1
12 0 4 0 1 0 7 1 1
13 1 2 0 1 0 8 0 2
14 0 5 0 1 0 8 1 1
11 0 4 0 1 1 5 0 1
19 1 4 0 0 0 12 0 2
11 0 3 0 1 0 7 0 1
13 0 3 0 0 0 9 0 1
17 1 5 0 1 0 9 0 2
17 1 4 0 1 0 10 0 2
10 0 5 0 1 0 4 1 1
16 0 6 0 0 0 9 1 1
14 0 6 0 1 0 7 1 1
20 0 8 1 0 0 11 1 1
12 0 4 0 0 0 7 1 1
12 1 2 0 0 0 7 1 2
12 0 6 0 1 0 5 1 1
13 1 3 0 0 0 7 0 2
11 0 4 0 1 0 6 0 1
17 0 5 0 1 0 11 0 1
12 0 5 0 1 0 6 1 1
11 0 5 0 1 0 5 0 1
15 0 4 0 1 0 10 0 1
10 0 3 0 1 0 6 1 1
12 0 4 0 0 0 7 1 1
15 0 5 0 0 0 9 0 1
20 1 5 0 0 0 12 1 2
12 0 4 1 0 0 7 1 1
17 0 6 0 1 0 10 0 1
11 0 3 0 1 0 7 0 1
15 0 6 0 1 0 8 0 1
17 0 8 0 1 0 8 0 1
11 0 3 0 1 0 7 0 1
13 1 3 0 1 0 7 0 2
15 0 5 0 0 0 9 0 1
18 0 7 0 1 1 9 1 1
12 0 5 0 1 0 6 1 1
