0 0.189272 0.100128 0.0367816 0 0.0303959 0 0 0 0 0.0321839 0.157344 0 0.1341 0 0.0337165 0 0.091954 0 0.156577 0 0 0 0.0375479 0 0 
0 0.122807 0 0 0 0 0 0 0.100877 0 0 0.424561 0 0 0.114912 0 0 0.115789 0 0 0.121053 0 0 0 0 0 
0.221827 0 0.0583756 0 0.0670051 0 0 0.0629442 0.0649746 0 0.115736 0.0715736 0 0 0.215736 0 0 0 0 0.121827 0 0 0 0 0 0 
0 0 0 0.163861 0.145903 0 0.103255 0 0.309764 0 0 0 0 0 0.161616 0 0 0 0 0 0.1156 0 0 0 0 0 
0.0313547 0 0.123025 0.153901 0.0327908 0 0 0 0 0.0181905 0.0327908 0.0210627 0.0509813 0.123743 0.0315941 0 0.0193873 0.151747 0.0634275 0.0509813 0 0.0313547 0 0.0636668 0 0 
0 0 0 0 0.151399 0.171756 0 0 0.273537 0 0 0 0 0 0.263359 0 0 0 0 0 0.139949 0 0 0 0 0 
0 0 0 0 0.103371 0 0.162921 0.123596 0.162921 0 0 0.149438 0 0 0.149438 0 0 0.148315 0 0 0 0 0 0 0 0 
0.199723 0 0 0 0.130374 0 0 0 0.171983 0 0 0 0 0 0.162275 0 0 0 0 0.152566 0 0 0 0 0.183079 0 
0.0635753 0 0.0916911 0.0306337 0.0251783 0.0451112 0.0230802 0 0.0308435 0 0 0.0551825 0 0.359841 0.0675619 0 0 0 0.0545531 0.0390264 0 0.0184641 0 0 0 0.0952581 
0 0 0 0 0.597884 0 0 0 0 0 0 0 0 0 0 0 0 0 0 0 0.402116 0 0 0 0 0 
0.179949 0 0 0 0.338046 0 0 0 0.363753 0 0 0 0 0.118252 0 0 0 0 0 0 0 0 0 0 0 0 
0.0460935 0 0.0470742 0 0.241909 0 0 0 0.196143 0 0 0.100686 0 0.0353057 0.0833606 0 0 0 0 0 0 0 0 0 0.249428 0 
0.163649 0.0885312 0 0 0.142857 0.0643863 0 0 0.047619 0 0 0 0.0871898 0 0 0.405768 0 0 0 0 0 0 0 0 0 0 
0.0154786 0 0.0621181 0.0739308 0.0716904 0 0.349287 0 0.0828921 0 0 0 0 0.0260692 0.0448065 0 0.0285132 0 0.0814664 0.0832994 0.0299389 0.0219959 0.0285132 0 0 0 
0.0330051 0.0372638 0 0 0 0 0.0351344 0 0.0393931 0.0300772 0.0348682 0.0383285 0.155976 0.173809 0.0348682 0.0311419 0 0.122704 0 0 0.136013 0.0346021 0.0628161 0 0 0 
0.14845 0 0 0 0.103589 0 0 0.2031 0 0 0 0.113377 0 0 0.120718 0.101142 0 0.209625 0 0 0 0 0 0 0 0 
0 0 0 0 0 0 0 0 0 0 0 0 0 0 0 0 0 0 0 0 1 0 0 0 0 0 
0.225158 0.0516562 0 0 0.0524448 0 0 0 0.186514 0 0.055205 0 0.0887224 0.0512618 0.199921 0 0 0.0512618 0 0.0378549 0 0 0 0 0 0 
0 0 0 0 0.0879479 0.120521 0 0.152009 0 0 0 0.149837 0 0 0 0 0.130293 0 0.144408 0.214984 0 0 0 0 0 0 
0.109724 0 0 0 0.24077 0.0572023 0 0.048882 0.393136 0 0 0 0 0 0 0 0 0.0535621 0 0.0369215 0 0 0 0 0.0598024 0 
0.0496894 0 0 0 0.0335404 0.0559006 0.0600414 0 0.101035 0 0 0.147412 0.0625259 0.154451 0 0 0 0.0538302 0.13913 0 0 0.03147 0 0 0 0.110973 
0 0 0 0 0.442771 0 0 0 0.197289 0 0 0 0 0 0 0 0 0 0 0 0.162651 0.197289 0 0 0 0 
0.382979 0 0 0 0 0 0 0 0 0 0 0.244681 0 0 0.37234 0 0 0 0 0 0 0 0 0 0 0 
0 0 0 0 0 0 0 0 0.536496 0 0 0 0 0 0 0.463504 0 0 0 0 0 0 0 0 0 0 
0 0 0 0 0 0 0 0 0 0 0 0.554502 0.445498 0 0 0 0 0 0 0 0 0 0 0 0 0 
0.12038 0 0 0 0.108765 0 0 0 0.250264 0 0 0.127772 0 0 0 0 0 0 0 0 0 0 0 0 0 0.392819 
